      1 1
      1 2
      1 8
      1 3
      1 6
      1 9
      1 17
      1 4
      1 20
      1 7
      1 15
      2 10
      2 18
      1 5
      1 13
      2 21
      2 8
      2 16
      1 11
      1 24
      1 11
      1 112
      3 19
      1 107
      1 6
      1 27
      2 14
      3 22
      1 35
      1 9
      1 110
      1 9
      1 30
      3 17
      1 105
      1 12
      3 25
      2 12
      2 113
      1 20
      1 33
      1 20
      1 33
      2 20
      2 108
      1 7
      3 28
      3 15
      1 103
      1 23
      1 116
      1 23
      1 15
      2 23
      2 36
      1 10
      1 23
      2 111
      2 10
      2 31
      1 18
      1 31
      1 18
      1 93
      2 18
      2 106
      1 13
      1 119
      5 26
      1 88
      1 13
      1 39
      1 13
      1 101
      3 114
      1 70
      1 21
      1 13
      2 34
      2 21
      2 34
      1 21
      1 96
      1 21
      1 47
      3 109
      1 47
      1 8
      1 122
      5 29
      1 42
      1 16
      1 91
      1 16
      1 42
      2 16
      2 104
      1 24
      3 117
      2 24
      2 16
      1 24
      1 37
      1 24
      1 86
      3 37
      1 55
      1 11
      1 99
      2 24
      3 112
      1 68
      1 11
      1 50
      1 11
      1 125
      3 32
      1 81
      1 19
      3 32
      2 19
      2 94
      1 19
      1 45
      1 19
      1 45
      3 107
      1 45
      1 14
      3 120
      3 27
      1 120
      1 27
      1 19
      1 27
      1 40
      2 27
      2 89
      1 14
      3 40
      2 14
      2 102
      1 115
      1 27
      1 115
      1 53
      2 115
      2 71
      1 22
      1 53
      2 14
      3 35
      1 128
      1 22
      1 84
      1 22
      1 128
      3 35
      1 53
      2 22
      2 97
      2 22
      2 48
      1 110
      1 48
      1 110
      1 66
      2 110
      2 48
      1 9
      3 123
      3 30
      1 79
      1 30
      1 123
      1 30
      1 22
      2 30
      2 43
      1 17
      1 30
      2 92
      2 17
      2 43
      1 17
      1 43
      1 17
      1 61
      3 105
      1 43
      1 25
      1 30
      5 118
      1 56
      1 25
      1 74
      1 25
      1 118
      3 17
      1 43
      1 25
      3 38
      2 25
      2 87
      1 38
      1 131
      4 38
      2 56
      1 12
      1 25
      2 100
      3 25
      1 144
      1 113
      1 51
      1 113
      1 25
      2 113
      2 69
      1 12
      1 113
      2 51
      2 12
      2 126
      1 33
      1 126
      1 33
      1 126
      2 33
      2 82
      1 20
      1 126
      5 33
      1 51
      1 20
      1 46
      1 20
      1 46
      3 95
      1 46
      2 20
      2 46
      2 20
      2 46
      1 108
      1 64
      1 108
      1 59
      2 108
      2 46
      1 15
      1 33
      6 121
      1 28
      1 59
      1 28
      1 77
      2 28
      2 121
      1 28
      3 20
      2 28
      2 41
      1 28
      1 41
      1 28
      1 134
      3 90
      1 134
      1 15
      1 134
      5 41
      1 33
      1 15
      1 59
      1 15
      1 54
      3 103
      1 41
      1 116
      3 28
      2 116
      2 54
      1 116
      1 28
      1 116
      1 54
      3 72
      1 98
      1 23
      1 116
      2 54
      3 15
      1 41
      1 36
      1 129
      1 36
      1 129
      2 36
      2 129
      1 23
      1 36
      2 85
      2 23
      2 129
      3 36
      1 28
      2 36
      2 54
      1 23
      1 49
      2 23
      3 98
      1 142
      1 23
      1 49
      1 23
      1 142
      3 49
      1 98
      1 111
      1 23
      2 49
      2 111
      2 67
      1 111
      1 62
      1 111
      1 36
      3 49
      1 62
      1 10
      1 36
      5 124
      1 62
      1 31
      1 124
      1 31
      1 124
      2 31
      2 80
      2 31
      2 124
      2 31
      2 23
      1 31
      1 23
      1 31
      1 49
      3 44
      1 137
      1 18
      1 44
      2 31
      3 93
      1 44
      1 18
      1 137
      1 18
      1 31
      3 44
      1 88
      1 18
      3 44
      2 18
      2 62
      1 106
      1 57
      1 106
      1 31
      2 106
      2 44
      1 26
      3 31
      3 119
      1 31
      1 119
      1 57
      4 119
      2 57
      1 26
      3 75
      2 26
      2 119
      1 18
      1 57
      1 18
      1 70
      2 18
      2 44
      1 26
      1 132
      5 39
      1 70
      1 26
      1 132
      1 26
      1 132
      3 88
      1 132
      1 39
      1 26
      2 132
      5 39
      1 31
      1 39
      1 31
      3 57
      1 132
      1 13
      1 52
      2 26
      3 101
      1 39
      1 26
      1 145
      1 26
      1 101
      2 26
      2 145
      1 114
      3 52
      2 114
      2 26
      1 114
      1 52
      1 114
      1 145
      3 70
      1 96
      1 13
      1 65
      2 114
      3 52
      1 65
      1 13
      1 65
      1 13
      1 39
      3 127
      1 39
      1 34
      3 127
      2 34
      2 127
      1 34
      1 127
      1 34
      1 65
      3 83
      1 171
      1 21
      1 34
      2 127
      3 34
      1 65
      1 34
      1 26
      1 34
      1 26
      2 34
      2 52
      1 21
      3 47
      2 21
      2 47
      1 96
      1 34
      1 96
      1 140
      2 96
      2 47
      1 21
      1 140
      2 21
      3 47
      1 96
      1 21
      1 91
      1 21
      4 47
      1 140
      1 109
      1 21
      2 65
      2 109
      2 60
      1 109
      1 34
      1 109
      1 153
      3 47
      1 60
      1 16
      3 34
      3 122
      1 153
      1 122
      1 34
      1 122
      1 60
      4 122
      1 29
      1 122
      2 60
      2 29
      2 78
      1 29
      1 78
      1 29
      1 104
      3 122
      1 73
      1 29
      1 60
      5 21
      1 73
      1 29
      1 47
      1 29
      1 135
      3 42
      1 135
      1 29
      3 42
      2 29
      2 135
      1 91
      1 135
      1 91
      1 42
      2 91
      2 135
      1 16
      1 29
      2 135
      3 42
      1 86
      6 42
      2 34
      1 16
      3 60
      2 16
      2 55
      1 104
      1 29
      1 104
      1 148
      2 104
      2 42
      1 117
      1 148
      5 29
      1 179
      1 117
      1 148
      1 117
      1 29
      3 55
      1 148
      2 117
      2 29
      2 117
      2 55
      1 73
      1 148
      1 73
      1 47
      2 73
      2 99
      1 24
      1 68
      2 117
      3 55
      1 117
      1 16
      1 68
      1 16
      1 55
      2 16
      2 42
      1 37
      3 130
      2 37
      2 130
      1 37
      1 130
      1 37
      1 68
      3 130
      1 117
      1 24
      1 130
      2 37
      3 86
      1 130
      1 24
      1 174
      1 24
      1 86
      3 130
      7 37
      2 29
      1 37
      1 29
      1 37
      1 29
      3 55
      1 130
      1 24
      3 50
      3 24
      1 143
      1 99
      1 50
      1 99
      1 37
      2 99
      2 143
      1 24
      1 99
      2 50
      2 24
      2 143
      1 50
      1 24
      1 50
      1 37
      2 50
      2 99
      1 112
      1 94
      2 24
      4 50
      1 112
